2.883648875751110197e+01 2.132319850945410544e-01 -8.218298617241406312e-01 -9.963829476731625445e-02 5.767768930035400195e-04 3.604017214077503712e-03 6.243566834137137598e-05 -1.360769752737048428e-03 -5.293222240002556662e-04 1.866394675419597374e-03
2.132319850945410544e-01 1.207347092068538838e-02 -5.336705614094614317e-03 -1.151383666476543622e-03 1.509339497102760719e-05 6.731896310598463416e-05 1.350524406861817954e-06 -2.399551076088278566e-04 -1.213060877763712582e-05 1.094921593251921162e-05
-8.218298617241406312e-01 -5.336705614094614317e-03 4.047498060384295548e-02 1.338962918290749395e-03 -1.874612898266487710e-05 -3.931851005576719954e-04 6.322997388509396418e-07 1.366211559573218099e-04 4.125880407299316388e-06 -5.459535606589557399e-05
-9.963829476731625445e-02 -1.151383666476543622e-03 1.338962918290749395e-03 4.998623456048388071e-04 -2.768153557802101245e-06 8.557855179071533611e-06 -4.877147710788729683e-07 3.401272862556437934e-06 3.172965397144068970e-06 -5.973831535074878587e-06
5.767768930035400195e-04 1.509339497102760719e-05 -1.874612898266487710e-05 -2.768153557802101245e-06 3.787500386154191520e-07 3.664954404769327355e-07 3.954890194799507465e-09 -2.732195875080202836e-07 -4.711447429079083102e-08 1.287032109761586221e-08
3.604017214077503712e-03 6.731896310598463416e-05 -3.931851005576719954e-04 8.557855179071533611e-06 3.664954404769327355e-07 8.607261428092230030e-06 -3.991893663826119088e-09 -3.348594345925173995e-06 9.369075190360188219e-08 -2.220659258691984932e-07
6.243566834137137598e-05 1.350524406861817954e-06 6.322997388509396418e-07 -4.877147710788729683e-07 3.954890194799507465e-09 -3.991893663826119088e-09 7.999546581132443360e-10 -2.013454469091402242e-09 -3.949388692001824545e-09 -5.584072420821813614e-10
-1.360769752737048428e-03 -2.399551076088278566e-04 1.366211559573218099e-04 3.401272862556437934e-06 -2.732195875080202836e-07 -3.348594345925173995e-06 -2.013454469091402242e-09 7.944261454397820506e-06 -6.712194800785521853e-08 -3.511484108382615841e-08
-5.293222240002556662e-04 -1.213060877763712582e-05 4.125880407299316388e-06 3.172965397144068970e-06 -4.711447429079083102e-08 9.369075190360188219e-08 -3.949388692001824545e-09 -6.712194800785521853e-08 4.471125762369069613e-08 -2.944640173837194754e-08
1.866394675419597374e-03 1.094921593251921162e-05 -5.459535606589557399e-05 -5.973831535074878587e-06 1.287032109761586221e-08 -2.220659258691984932e-07 -5.584072420821813614e-10 -3.511484108382615841e-08 -2.944640173837194754e-08 2.027093214558197347e-07
